# Author: SW4
# Scenario: test
# Date: UTC  02/29/2024:0:3:16.000
# Bandwith (Hz): 1.234000e+00
# Station: ALBH4
# Target location (WGS84 longitude, latitude) (deg): -1.234880e+02 4.839000e+01
# Actual location (WGS84 longitude, latitude) (deg): -1.234887e+02 4.838987e+01
# Distance from target to actual location (m): 5.046027e+01
# nColumns: 4
# Column 1: Time (s)
# Column 2: East-west velocity (m/s)
# Column 3: Nort-south velocity (m/s)
# Column 4: Up-down velocity (m/s)
0.000000e+00  0.00000000000000000e+00  0.00000000000000000e+00 -0.00000000000000000e+00
1.191895e-02  0.00000000000000000e+00  0.00000000000000000e+00 -0.00000000000000000e+00
2.383790e-02  0.00000000000000000e+00  0.00000000000000000e+00 -0.00000000000000000e+00
3.575685e-02  0.00000000000000000e+00  0.00000000000000000e+00 -0.00000000000000000e+00
4.767580e-02  0.00000000000000000e+00  0.00000000000000000e+00 -0.00000000000000000e+00
5.959476e-02  0.00000000000000000e+00  0.00000000000000000e+00 -0.00000000000000000e+00
7.151371e-02  0.00000000000000000e+00  0.00000000000000000e+00 -0.00000000000000000e+00
8.343266e-02  0.00000000000000000e+00  0.00000000000000000e+00 -0.00000000000000000e+00
9.535161e-02  0.00000000000000000e+00  0.00000000000000000e+00 -0.00000000000000000e+00
1.072706e-01  0.00000000000000000e+00  0.00000000000000000e+00 -0.00000000000000000e+00
1.191895e-01  0.00000000000000000e+00  0.00000000000000000e+00 -0.00000000000000000e+00
1.311085e-01  0.00000000000000000e+00  0.00000000000000000e+00 -0.00000000000000000e+00
1.430274e-01  0.00000000000000000e+00  0.00000000000000000e+00 -0.00000000000000000e+00
1.549464e-01  0.00000000000000000e+00  0.00000000000000000e+00 -0.00000000000000000e+00
1.668653e-01  0.00000000000000000e+00  0.00000000000000000e+00 -0.00000000000000000e+00
1.787843e-01  0.00000000000000000e+00  0.00000000000000000e+00 -0.00000000000000000e+00
1.907032e-01  0.00000000000000000e+00  0.00000000000000000e+00 -0.00000000000000000e+00
2.026222e-01  0.00000000000000000e+00  0.00000000000000000e+00 -0.00000000000000000e+00
2.145411e-01  0.00000000000000000e+00  0.00000000000000000e+00 -0.00000000000000000e+00
2.264601e-01  0.00000000000000000e+00  0.00000000000000000e+00 -0.00000000000000000e+00
2.383790e-01  0.00000000000000000e+00  0.00000000000000000e+00 -0.00000000000000000e+00
2.502980e-01  0.00000000000000000e+00  0.00000000000000000e+00 -0.00000000000000000e+00
2.622169e-01  0.00000000000000000e+00  0.00000000000000000e+00 -0.00000000000000000e+00
2.741359e-01  0.00000000000000000e+00  0.00000000000000000e+00 -0.00000000000000000e+00
2.860548e-01  0.00000000000000000e+00  0.00000000000000000e+00 -0.00000000000000000e+00
2.979738e-01  0.00000000000000000e+00  0.00000000000000000e+00 -0.00000000000000000e+00
3.098927e-01  0.00000000000000000e+00  0.00000000000000000e+00 -0.00000000000000000e+00
3.218117e-01  0.00000000000000000e+00  0.00000000000000000e+00 -0.00000000000000000e+00
3.337306e-01  0.00000000000000000e+00  0.00000000000000000e+00 -0.00000000000000000e+00
3.456496e-01  0.00000000000000000e+00  0.00000000000000000e+00 -0.00000000000000000e+00
3.575685e-01  0.00000000000000000e+00  0.00000000000000000e+00 -0.00000000000000000e+00
3.694875e-01  0.00000000000000000e+00  0.00000000000000000e+00 -0.00000000000000000e+00
3.814064e-01  0.00000000000000000e+00  0.00000000000000000e+00 -0.00000000000000000e+00
3.933254e-01  0.00000000000000000e+00  0.00000000000000000e+00 -0.00000000000000000e+00
4.052443e-01  0.00000000000000000e+00  0.00000000000000000e+00 -0.00000000000000000e+00
4.171633e-01  0.00000000000000000e+00  0.00000000000000000e+00 -0.00000000000000000e+00
4.290822e-01  0.00000000000000000e+00  0.00000000000000000e+00 -0.00000000000000000e+00
4.410012e-01  0.00000000000000000e+00  0.00000000000000000e+00 -0.00000000000000000e+00
4.529201e-01  0.00000000000000000e+00  0.00000000000000000e+00 -0.00000000000000000e+00
4.648391e-01  0.00000000000000000e+00  0.00000000000000000e+00 -0.00000000000000000e+00
4.767580e-01  0.00000000000000000e+00  0.00000000000000000e+00 -0.00000000000000000e+00
4.886770e-01  0.00000000000000000e+00  0.00000000000000000e+00 -0.00000000000000000e+00
5.005959e-01  0.00000000000000000e+00  0.00000000000000000e+00 -0.00000000000000000e+00
5.125149e-01  0.00000000000000000e+00  0.00000000000000000e+00 -0.00000000000000000e+00
5.244338e-01  0.00000000000000000e+00  0.00000000000000000e+00 -0.00000000000000000e+00
5.363528e-01  0.00000000000000000e+00  0.00000000000000000e+00 -0.00000000000000000e+00
5.482718e-01  0.00000000000000000e+00  0.00000000000000000e+00 -0.00000000000000000e+00
5.601907e-01  0.00000000000000000e+00  0.00000000000000000e+00 -0.00000000000000000e+00
5.721097e-01  0.00000000000000000e+00  0.00000000000000000e+00 -0.00000000000000000e+00
5.840286e-01  0.00000000000000000e+00  0.00000000000000000e+00 -0.00000000000000000e+00
5.959476e-01  0.00000000000000000e+00  0.00000000000000000e+00 -0.00000000000000000e+00
6.078665e-01 -2.61880557797008968e-307 -1.54870230080194937e-307 1.26898142125120771e-306
6.197855e-01 3.24758118617433907e-293 5.30880109853902038e-293 2.15794976757520262e-293
6.317044e-01 2.75581147021196740e-282 3.19763669194348454e-282 4.01332579624386072e-282
6.436234e-01 5.48793193259842967e-273 6.67596881605904886e-273 7.57470270754941258e-273
6.555423e-01 6.91747313573075409e-265 8.46909112622744184e-265 9.69075537247205899e-265
6.674613e-01 1.07769068793575050e-257 1.30280780389545471e-257 1.50499916727960196e-257
6.793802e-01 2.85152013873860706e-251 3.42171603454659058e-251 3.98249899628341046e-251
6.912992e-01 1.58467969390703340e-245 1.89117267677611164e-245 2.21357565823261071e-245
7.032181e-01 2.10182419813249969e-240 2.49319728652959225e-240 2.93233518116758342e-240
7.151371e-01 7.07182073297147246e-236 8.32383326397969279e-236 9.83446671575741273e-236
7.270560e-01 6.00042289337294179e-232 6.97877414655707979e-232 8.28421801630664513e-232
7.389750e-01 1.14450322952157854e-228 1.31227580801559051e-228 1.55294199705216782e-228
7.508939e-01 1.46386965772369211e-226 4.89351275915038795e-226 2.31388923359963000e-226
7.628129e-01 -7.98914212724338288e-223 7.18709028158677783e-223 -6.11520745882249307e-223
7.747318e-01 1.25353512454687074e-220 2.56494496627308920e-220 1.02430969878855993e-219
7.866508e-01 3.71196922259630433e-216 -2.87556458547454469e-216 4.74740341843239748e-216
7.985697e-01 4.47105962362937395e-213 -4.00282120674237691e-213 4.27982612686053790e-213
8.104887e-01 1.55965975774169913e-210 -1.63265996298346022e-210 6.23850128721752570e-211
8.224076e-01 -1.13692198467367424e-208 -2.14823392870238562e-209 -6.64180030124351174e-208
8.343266e-01 -1.56804594427739565e-205 1.15472451043205375e-205 -2.91180077592928915e-205
8.462455e-01 -2.77556101049121228e-203 2.24615963949980761e-203 -4.31857895606879930e-203
8.581645e-01 -1.53102450532064895e-201 1.22505532358459105e-201 -2.43791624364112954e-201
8.700834e-01 2.15578155546813058e-200 -2.56730799168211145e-200 -1.43920539551669676e-200
8.820024e-01 4.30135976416893945e-198 -3.58138274117248624e-198 4.06054933569246249e-198
8.939213e-01 3.20180509991718271e-197 6.49248227982835763e-198 1.55739085541362862e-196
9.058403e-01 -8.97904128756644374e-195 7.22958807978115876e-195 -7.28366180947045171e-195
9.177592e-01 2.62497040870861952e-194 -9.31754406481806586e-194 -2.63657070686609226e-193
9.296782e-01 1.53183982277683123e-191 -1.03156615252995454e-191 1.88610442222402637e-191
9.415971e-01 -5.35617539181643312e-190 4.77202086490487295e-190 -2.20594964514356015e-190
9.535161e-01 5.95337784954976554e-190 -5.02639067779429696e-189 -1.45000353314298342e-188
9.654350e-01 5.56290812053168999e-187 -3.09341945301511614e-187 7.82176023281377773e-187
9.773540e-01 -2.37960951727247720e-185 1.75684804629932898e-185 -1.85775533641811170e-185
9.892729e-01 5.57640348576245916e-184 -4.94533061642675566e-184 1.62374653568050450e-184
1.001192e+00 -6.79394874633725429e-183 8.57709866631633069e-183 5.50562989171044494e-183
1.013111e+00 -5.93180327967011056e-182 -5.55492287297798309e-182 -3.05498251967653008e-181
1.025030e+00 5.99434832287242070e-180 -2.25769028617762349e-180 8.91006378730292558e-180
1.036949e+00 -2.04664116024188702e-178 1.11632752833267372e-178 -1.96802495115044404e-178
1.048868e+00 5.16784412052212977e-177 -3.19380767839779955e-177 3.62007841404400037e-177
1.060787e+00 -1.10443332823884910e-175 7.27049810980880658e-176 -5.78323566427125292e-176
1.072706e+00 2.11350164036133580e-174 -1.43663913262369910e-174 8.19684346716829758e-175
1.084625e+00 -3.74006831842978262e-173 2.56312088989383416e-173 -1.03763632014721950e-173
1.096544e+00 6.24828207543120511e-172 -4.22017295975675249e-172 1.15514624088198598e-172
1.108462e+00 -9.98061954814512709e-171 6.49913519535044368e-171 -1.04562192950038941e-171
1.120381e+00 1.53293564327753157e-169 -9.45028473987756040e-170 4.85727954781543180e-171
1.132300e+00 -2.26265027126599654e-168 1.31041978843583149e-168 9.11304026452288977e-170
1.144219e+00 3.19299330811524573e-167 -1.76240185245311646e-167 -3.72039412034456761e-168
1.156138e+00 -4.27661583415754378e-166 2.37312355296844825e-166 8.52700193875853446e-167
1.168057e+00 5.40358291390347701e-165 -3.35098577316870188e-165 -1.52871754072106872e-165
1.179976e+00 -6.44116842567357963e-164 5.14175526594982140e-164 2.20037699889812684e-164
1.191895e+00 7.34594319386724378e-163 -8.47131859612869897e-163 -2.28929292795064280e-163
1.203814e+00 -8.31655790748915946e-162 1.41736066924010112e-161 7.09636954457758462e-163
1.215733e+00 9.85970368873107723e-161 -2.26282020236691267e-160 3.99390837857538166e-161
1.227652e+00 -1.25686101269734900e-159 3.27891937761109380e-159 -1.30054298655662139e-159
1.239571e+00 1.64863773547219641e-158 -4.11887506627607631e-158 2.60599498541862331e-158
1.251490e+00 -2.02408477995827708e-157 4.18043522225085796e-157 -4.01781375609256290e-157
1.263409e+00 2.06005224677537305e-156 -2.78416025540635435e-156 4.93204181743185034e-156
1.275328e+00 -1.33327285356951011e-155 -4.25549803757618403e-156 -4.60737658514847245e-155
1.287247e+00 -4.24799741970478349e-155 5.00167053784041619e-154 2.55984423277658729e-154
1.299166e+00 2.99851401314223333e-153 -9.47055494586809895e-153 9.75886982785104431e-154
1.311085e+00 -5.52097999035298806e-152 1.17123409905458048e-151 -4.84236857668821314e-152
1.323004e+00 6.71600251876444899e-151 -9.99991419302113616e-151 7.30863397245720942e-151
1.334923e+00 -5.57371890726199537e-150 4.22723866844550886e-150 -6.95872731449901936e-150
1.346841e+00 2.11766654794820433e-149 3.52334341141755361e-149 3.65553903546971725e-149
1.358760e+00 2.30676532139579684e-148 -9.73460148200406086e-148 1.11744822236839341e-148
1.370679e+00 -5.60045489553839696e-147 1.13543313067257559e-146 -4.94888574666988010e-147
1.382598e+00 6.12185718479666190e-146 -7.71171994371286271e-146 5.91929963886809649e-146
1.394517e+00 -3.75662486939863986e-145 1.06276711729493894e-145 -3.81048392326420979e-145
1.406436e+00 3.36409806463101304e-146 4.78103478272021032e-144 2.05948092812824335e-145
1.418355e+00 2.87202160180815354e-143 -6.87022703771657402e-143 2.62979058090933485e-143
1.430274e+00 -3.55117135198444910e-142 4.86366338452563849e-142 -3.26642870886709357e-142
1.442193e+00 2.15457143393825566e-141 -8.84488773418457198e-142 1.89797300424018736e-141
1.454112e+00 -3.90112219037345822e-142 -2.25570937210413069e-140 9.30145558488573129e-142
1.466031e+00 -1.34917547907356725e-139 2.99614959391214688e-139 -1.31046343610841104e-139
1.477950e+00 1.43098228874273220e-138 -1.71809867906516556e-138 1.27327695668553255e-138
1.489869e+00 -6.32615331467655381e-138 -5.62987160849940002e-139 -4.71016802754275026e-138
1.501788e+00 -2.07678533423623952e-137 1.02953388801666248e-136 -2.80055968323876443e-137
1.513707e+00 5.41010700111862455e-136 -9.19988331841600453e-136 5.11767153954902509e-136
1.525626e+00 -3.74028274921992651e-135 2.75727115275353507e-135 -2.99256568774454743e-135
1.537545e+00 4.59566453226119940e-135 2.31551124026549583e-134 -8.88396578603048954e-136
1.549464e+00 1.46400695376767029e-133 -3.26796588396641031e-133 1.54735583674957006e-133
1.561383e+00 -1.39354840718381026e-132 1.50510443022692827e-132 -1.17105313524200777e-132
1.573302e+00 4.03411042385194848e-132 3.43599033168700271e-132 1.71827091023964586e-132
1.585221e+00 3.20954145312362647e-131 -9.23716809443492266e-131 3.99026993793759863e-131
1.597139e+00 -4.06471353976548242e-130 5.13137530266381809e-130 -3.57213287277510868e-130
1.609058e+00 1.48868205790046096e-129 3.07743408784188103e-130 7.59895659880920222e-130
1.620977e+00 6.55320207778428120e-129 -2.27725770199326152e-128 9.67228885584918230e-129
1.632896e+00 -1.02061451352258889e-127 1.34180963314432448e-127 -9.29893178902541404e-128
1.644815e+00 3.91690369799481939e-127 3.24142125450539982e-128 2.03073264568608060e-127
1.656734e+00 1.47758292199235195e-126 -5.10412514784586888e-126 2.35533159891824028e-126
1.668653e+00 -2.34456034804770659e-125 2.79893084650772368e-125 -2.19037423561171103e-125
1.680572e+00 8.08157789153452610e-125 2.01931764107009977e-125 3.94891696244743365e-125
1.692491e+00 4.09868677751060045e-124 -1.00831069397199597e-123 6.07933214716367589e-124
1.704410e+00 -5.20665302782933118e-123 4.31145195267779840e-123 -5.02906817082998096e-123
1.716329e+00 1.19046280272791447e-122 8.63847237985155385e-123 4.37236305260415133e-123
1.728248e+00 1.39897877200822074e-121 -1.40776470681281408e-121 1.83703284417723886e-121
1.740167e+00 -1.14465465120251088e-120 3.09496359176267674e-121 -1.20268913517119917e-120
1.752086e+00 -6.10688702715317420e-121 7.68489586621443972e-121 -1.90430053515560199e-120
1.764005e+00 5.31231895269534857e-119 5.66484170342919808e-120 6.73766835869245680e-119
1.775924e+00 -1.92674393622675626e-118 -1.41519172946055468e-119 -2.41438224423915792e-118
1.787843e+00 -1.84649474166965152e-117 -1.42205538555708451e-117 -2.32600833100215490e-117
1.799762e+00 1.72819353377822732e-116 1.07483706837228516e-116 2.34674964320925988e-116
1.811681e+00 3.07259210285786746e-116 5.39046099495400004e-116 2.20864090563193742e-116
1.823600e+00 -1.05642021975095521e-114 -1.01965051921296456e-114 -1.36620635622676895e-114
1.835518e+00 2.35048076085086354e-114 1.32012060491969813e-114 4.33142248857105220e-114
1.847437e+00 4.86283529795500597e-113 5.52268037823734937e-113 5.68251073793706387e-113
1.859356e+00 -3.02307473505726039e-112 -2.98542162415689447e-112 -4.41946450843802424e-112
1.871275e+00 -1.52244969852967123e-111 -1.90556561650313640e-111 -1.42055271314355022e-111
1.883194e+00 2.08610316965531876e-110 2.27014509641922835e-110 2.76767977081614071e-110
1.895113e+00 1.10692929922460425e-110 2.27890470318716680e-110 -1.68408495570401537e-110
1.907032e+00 -1.08094266776266185e-108 -1.22069297405157582e-108 -1.33032279916741505e-108
1.918951e+00 2.58689706783387207e-108 2.49608869330420773e-108 4.67762206775370980e-108
1.930870e+00 4.50589847874872168e-107 5.20937242070853938e-107 5.11154731511177053e-107
1.942789e+00 -2.39060223311241304e-106 -2.54971579383040890e-106 -3.52513741366059773e-106
1.954708e+00 -1.50640081709565089e-105 -1.79016995577441241e-105 -1.50526550638190775e-105
1.966627e+00 1.43230479551684518e-104 1.57357273756354009e-104 1.94202704115361138e-104
1.978546e+00 3.64246749812778943e-104 4.58954322472793800e-104 2.53846136112715437e-104
1.990465e+00 -6.99678694370675391e-103 -7.81240548918532470e-103 -8.98092896640990836e-103
2.002384e+00 -2.55613092239675759e-103 -5.05107600947716786e-103 5.85583412527492054e-103
2.014303e+00 2.99138551963285128e-101 3.38012941576378798e-101 3.67235709850586389e-101
2.026222e+00 -3.74486344245418544e-101 -3.35207619902409513e-101 -8.28627144018391439e-101
2.038141e+00 -1.15864811236591344e-99 -1.32282893646712596e-99 -1.36498073027855649e-99
2.050060e+00  3.06228317858429629e-99  3.13374172273026369e-99  5.13615461765232412e-99
2.061979e+00  4.15576702582877272e-98  4.79136743205589183e-98  4.69831456973234193e-98
2.073897e+00 -1.64172047743038870e-97 -1.74245901775799239e-97 -2.49274547848790590e-97
2.085816e+00 -1.40416337440994129e-96 -1.63459804065622082e-96 -1.52110593221750094e-96
2.097735e+00  7.34562934645177789e-96  7.93392596190479060e-96  1.05807358275821116e-95
2.109654e+00  4.54111034448340393e-95  5.33632667616433704e-95  4.70695668125732083e-95
2.121573e+00 -2.94125449797591568e-94 -3.20941076435342979e-94 -4.10200345644044604e-94
2.133492e+00 -1.42880594169485064e-93 -1.69363283345412071e-93 -1.41856550781342332e-93
2.145411e+00  1.08691820217388206e-92  1.19360162979337481e-92  1.48501746822908069e-92
2.157330e+00  4.44724487575649252e-92  5.30842012509995295e-92  4.25690406534632745e-92
2.169249e+00 -3.76707302879518670e-91 -4.15292404738263302e-91 -5.08356112663058266e-91
2.181168e+00 -1.38988578905283367e-90 -1.66587999782988235e-90 -1.30068073361100811e-90
2.193087e+00  1.23491922441098438e-89  1.36410370833080280e-89  1.65696832227862552e-89
2.205006e+00  4.40253915566162232e-89  5.27926956748469142e-89  4.10836638777262008e-89
2.216925e+00 -3.84245729356895167e-88 -4.24572282374624673e-88 -5.15726123678547394e-88
2.228844e+00 -1.41443587036335895e-87 -1.69084630826692857e-87 -1.34264230705817192e-87
2.240763e+00  1.13405991680392040e-86  1.25139097603443501e-86  1.53188515960191591e-86
2.252682e+00  4.57321766543327224e-86  5.43542960100074946e-86  4.47897303174562655e-86
2.264601e+00 -3.15952833676535470e-85 -3.47516177342740161e-85 -4.32492431118232948e-85
2.276520e+00 -1.46864075374753918e-84 -1.73298741785173970e-84 -1.49399004730508571e-84
2.288439e+00  8.22513389425455556e-84  8.99483388781379679e-84  1.15116395983435875e-83
2.300358e+00  4.61696843497474241e-83  5.40657701731832227e-83  4.88295435957113352e-83
2.312277e+00 -1.96302068105593076e-82 -2.12557486365223557e-82 -2.84792489885186077e-82
2.324195e+00 -1.40176829627425873e-81 -1.62928152281600516e-81 -1.53844788880716536e-81
2.336114e+00  4.13349820000426774e-81  4.39345688938179686e-81  6.38247770928247695e-81
2.348033e+00  4.06121740688915218e-80  4.68680129118381874e-80  4.61392209801750029e-80
2.359952e+00 -6.96519424999510149e-80 -7.07577050936532580e-80 -1.22709635561145317e-79
2.371871e+00 -1.11014257566931943e-78 -1.27231819510121170e-78 -1.30335478909924910e-78
2.383790e+00  5.88947302172358279e-79  4.49794059216394023e-79  1.71933792550177228e-78
2.395709e+00  2.82813129385586499e-77  3.21851392001059268e-77  3.43130813850308013e-77
2.407628e+00  1.86300208760105880e-77  2.65372364899356392e-77 -1.93726264380812215e-78
2.419547e+00 -6.60736323765428747e-76 -7.46052026931303558e-76 -8.30842143061026804e-76
2.431466e+00 -1.28922957932665822e-75 -1.58584586455536322e-75 -1.01813831342157719e-75
2.443385e+00  1.37980977328563844e-74  1.54230228187767350e-74  1.81330625322754412e-74
2.455304e+00  4.89468656695290110e-74  5.80636741963699893e-74  4.86730794819120485e-74
2.467223e+00 -2.44670297777490959e-73 -2.69061384751597710e-73 -3.43551657305681548e-73
2.479142e+00 -1.46457676881457712e-72 -1.70650710255196669e-72 -1.60460415112244907e-72
2.491061e+00  3.18390009508235208e-72  3.36221596081957060e-72  5.15477920910069108e-72
2.502980e+00  3.70724564205542059e-71  4.26724328805212050e-71  4.32254342363297951e-71
2.514899e+00 -8.42362205718116437e-72 -3.30132411719610156e-72 -4.08103527099761464e-71
2.526818e+00 -8.02909189921397220e-70 -9.14277134204382896e-70 -9.87265332877251073e-70
2.538737e+00 -1.19988383449983140e-69 -1.49674189988098103e-69 -8.37822042361000399e-70
2.550656e+00  1.45112805377057379e-68  1.63138305127256581e-68  1.89483813456120589e-68
2.562574e+00  5.06106631106015518e-68  5.99158782388185812e-68  5.12053764389337027e-68
2.574493e+00 -1.99149092574556478e-67 -2.18721261159137336e-67 -2.87137527565452565e-67
2.586412e+00 -1.38010915136316565e-66 -1.60253873525408316e-66 -1.55693748530296843e-66
2.598331e+00  1.25526486287495567e-66  1.21845447031155483e-66  2.63636497059800316e-66
2.610250e+00  2.91508525397395859e-65  3.34077448258850753e-65  3.52591164643548076e-65
2.622169e+00  3.41912769409832123e-65  4.33129834761459777e-65  2.00672234089591457e-65
2.634088e+00 -4.79496773552970175e-64 -5.41790048045346525e-64 -6.22860715205521989e-64
2.646007e+00 -1.62631457005530993e-63 -1.92453696332894548e-63 -1.66032179026211313e-63
2.657926e+00  5.37524718650361911e-63  5.90321618738276622e-63  7.92669527638760762e-63
2.669845e+00  4.09096742534806307e-62  4.74597654754814988e-62  4.69649555118233720e-62
2.681764e+00 -7.28946115159108851e-63 -2.68464326806278017e-63 -3.96489441534345876e-62
2.693683e+00 -7.37188172678489318e-61 -8.43348462113067841e-61 -9.14869667513612361e-61
2.705602e+00 -1.51904239619743817e-60 -1.83500970981652425e-60 -1.35339049611450140e-60
2.717521e+00  9.22166089840640156e-60  1.03467771540772011e-59  1.26425942283559845e-59
2.729440e+00  4.69032477974134576e-59  5.48591842885453073e-59  5.19413857081138309e-59
2.741359e+00 -4.53409711507629240e-59 -4.59335046829896254e-59 -9.08044819782425410e-59
2.753278e+00 -8.81445065078936127e-58 -1.01516328240229897e-57 -1.07145643003886532e-57
2.765197e+00 -1.35876170317983769e-57 -1.66538122621081728e-57 -1.07041100319069996e-57
2.777116e+00  1.09190518051393480e-56  1.23531227916110926e-56  1.46690905839936567e-56
2.789035e+00  4.81826800148099184e-56  5.65626629810483594e-56  5.27339764273987095e-56
2.800954e+00 -5.27681369206126497e-56 -5.49258306134252456e-56 -1.00366313075460916e-55
2.812872e+00 -8.77759909307997452e-55 -1.01388121370734497e-54 -1.06661411918846728e-54
2.824791e+00 -1.39752327351777971e-54 -1.70440046847296099e-54 -1.14429101298196985e-54
2.836710e+00  9.71413858329861516e-54  1.10111461352333661e-53  1.32080237382371500e-53
2.848629e+00  4.57144213116092230e-53  5.36302688622529628e-53  5.08884412666114984e-53
2.860548e+00 -2.49598420036708229e-53 -2.38519300815017753e-53 -6.30291257101172776e-53
2.872467e+00 -7.29878957218249277e-52 -8.43005953037186761e-52 -9.04410991869009832e-52
2.884386e+00 -1.56014765266528113e-51 -1.87224111811140023e-51 -1.47259905061101002e-51
2.896305e+00  6.21576895424691924e-51  7.00895501748999437e-51  8.92342861898533327e-51
2.908224e+00  3.84552628816715718e-50  4.49708176385359680e-50  4.44702032668407908e-50
2.920143e+00  1.75699711618612329e-50  2.39854090809223292e-50 -3.67705927167722852e-51
2.932062e+00 -4.77560134333881656e-49 -5.49928360132325245e-49 -6.17453180974452359e-49
2.943981e+00 -1.54181789836999174e-48 -1.82605620537359789e-48 -1.63781296875514309e-48
2.955900e+00  2.11907010459424536e-48  2.31163114662279395e-48  3.71926248612632278e-48
2.967819e+00  2.61539197816233984e-47  3.04557620344716099e-47  3.18575799297281635e-47
2.979738e+00  4.54023772226708322e-47  5.48368918968345604e-47  4.05252541524427194e-47
2.991657e+00 -2.08172970729337380e-46 -2.37441600918084888e-46 -2.95142234999287739e-46
3.003576e+00 -1.16324855891366739e-45 -1.36623165138382074e-45 -1.34741872036089286e-45
3.015495e+00 -6.99247011013485019e-46 -9.04794476316785291e-46 -1.33680746055070461e-46
3.027414e+00  1.23811309866341776e-44  1.43262127729182533e-44  1.62799422072326774e-44
3.039333e+00  4.41162139464358002e-44  5.22224918423277920e-44  4.84294068374195257e-44
3.051251e+00 -2.18166034939676367e-44 -2.21118748756223034e-44 -5.64056805807200898e-44
3.063170e+00 -5.88734179395410710e-43 -6.86981573575776519e-43 -7.40877772412892368e-43
3.075089e+00 -1.46232224922784434e-42 -1.74502751637745305e-42 -1.50009369205918129e-42
3.087008e+00  2.54797218801884691e-42  2.87176429395964027e-42  4.20722926667523406e-42
3.098927e+00  2.42886690272820934e-41  2.85142827718083717e-41  2.96272282356039388e-41
3.110846e+00  4.30768964804805097e-41  5.18678610168926007e-41  4.00958668405656388e-41
3.122765e+00 -1.43617007343880269e-40 -1.65228742441348551e-40 -2.12368899818926886e-40
3.134684e+00 -9.05274479158636354e-40 -1.06781842432739669e-39 -1.07830098742670056e-39
3.146603e+00 -1.14943484391121926e-39 -1.39841936275278116e-39 -9.18208875629768172e-40
3.158522e+00  6.29408864070003412e-39  7.31353452849958176e-39  8.86214285889327367e-39
3.170441e+00  3.12785295381721227e-38  3.70347169916577579e-38  3.66045203485395760e-38
3.182360e+00  2.88288795013303663e-38  3.54698141632684707e-38  1.79935389809391831e-38
3.194279e+00 -2.36840033421748815e-37 -2.76958001983011965e-37 -3.25402284413979501e-37
3.206198e+00 -1.02011662203537684e-36 -1.21148304654340401e-36 -1.18057112163073979e-36
3.218117e+00 -7.33906294508185161e-37 -9.10715564988325823e-37 -3.29216564531953295e-37
3.230036e+00  7.93758997978329771e-36  9.32556296123833624e-36  1.07966390685395532e-35
3.241955e+00  3.17725348552160967e-35  3.78217096318549937e-35  3.66321766033797275e-35
3.253874e+00  2.11145618553831957e-35  2.61893735095274834e-35  8.28609333989191032e-36
3.265793e+00 -2.40147465043703756e-34 -2.83190276175103644e-34 -3.27078657684931124e-34
3.277712e+00 -9.49416522966811807e-34 -1.13230212051687830e-33 -1.09920770797736247e-33
3.289631e+00 -7.15342335780939504e-34 -8.79023353323671889e-34 -3.67439279089804371e-34
3.301549e+00  6.55184413757693496e-33  7.75049461042416658e-33  9.03834361749854251e-33
3.313468e+00  2.71343827513544096e-32  3.24144097215078584e-32  3.17888237893449102e-32
3.325387e+00  2.63455696907985537e-32  3.20480006794459547e-32  1.85520561108910003e-32
3.337306e+00 -1.58614382948238122e-31 -1.88157666003963193e-31 -2.24936653541235765e-31
3.349225e+00 -7.33839435888622582e-31 -8.78088989103567177e-31 -8.75857392996350397e-31
3.361144e+00 -9.50614677935033525e-31 -1.14909735990573185e-30 -8.25267234228938372e-31
3.373063e+00  3.26757701985688110e-30  3.88605751408043986e-30  4.88880506282088264e-30
3.384982e+00  1.84484163315870937e-29  2.21168613659759677e-29  2.25704978487218083e-29
3.396901e+00  3.15920975867702314e-29  3.80868015012608969e-29  3.12246365276728010e-29
3.408820e+00 -5.09873155420724161e-29 -6.07646179006840710e-29 -8.62371522734139228e-29
3.420739e+00 -4.20080796070644626e-28 -5.04803560148774789e-28 -5.30461079730962947e-28
3.432658e+00 -9.38326646661464903e-28 -1.13102483836916919e-27 -1.01025775177918975e-27
3.444577e+00  3.10455537186766171e-28  3.68865177621972110e-28  9.54801719302983272e-28
3.456496e+00  8.32443775188845583e-27  1.00341327822239348e-26  1.09700959527362953e-26
3.468415e+00  2.44205719612318985e-26  2.94794321233288399e-26  2.80023610346460626e-26
3.480334e+00  1.55109794857096095e-26  1.87096159285396732e-26  6.94953215552345550e-27
3.492253e+00 -1.32904595243107462e-25 -1.60907193311193661e-25 -1.87605493366885316e-25
3.504172e+00 -5.44149834956135792e-25 -6.58706569796042293e-25 -6.58311570661120697e-25
3.516091e+00 -7.91828608823131527e-25 -9.56593713685406799e-25 -7.63000496503616926e-25
3.528010e+00  1.34600595706252147e-24  1.64438228418010109e-24  2.26279732983082726e-24
3.539928e+00  9.97066373664698881e-24  1.21202810478690394e-23  1.27512228283319284e-23
3.551847e+00  2.29307952589918064e-23  2.78061808028489980e-23  2.55689259825128276e-23
3.563766e+00  5.76837256011830800e-24  6.64552778109146231e-24 -4.83024271370278249e-24
3.575685e+00 -1.36831951815921818e-22 -1.67449157403690787e-22 -1.89365431876834153e-22
3.587604e+00 -4.82917072318973653e-22 -5.88498733692236619e-22 -5.83319162987285454e-22
3.599523e+00 -6.67516123116174663e-22 -8.07179556907329095e-22 -6.48271449258865914e-22
3.611442e+00  9.64536214864909398e-22  1.20307328452493072e-21  1.68085238214605673e-21
3.623361e+00  7.40062905753769562e-21  9.08120136267135940e-21  9.61724765919702260e-21
3.635280e+00  1.79793578165708951e-20  2.19347964690497014e-20  2.06990169658350455e-20
3.647199e+00  1.25587010411300495e-20  1.49018635172398357e-20  7.66638071672941111e-21
3.659118e+00 -6.88960380459409675e-20 -8.56941986083841390e-20 -1.01515616032945919e-19
3.671037e+00 -2.99206911117485384e-19 -3.68165285058472775e-19 -3.76268211645734473e-19
3.682956e+00 -5.64333247705009394e-19 -6.88356968050719872e-19 -6.22616379236565225e-19
3.694875e+00 -9.16786713324204909e-20 -8.93821429738977904e-20  1.67338336896434333e-19
3.706794e+00  2.93044127865269853e-18  3.65611800552473171e-18  4.10924662977988794e-18
3.718713e+00  1.00138221092004804e-17  1.23598327634673056e-17  1.23951896978203949e-17
3.730632e+00  1.62244957904599074e-17  1.97820932755128551e-17  1.74462837416194491e-17
3.742551e+00 -1.93627553756179831e-18 -3.30118003184995354e-18 -1.09303197069017033e-17
3.754470e+00 -9.29138411976506615e-17 -1.16577699259066298e-16 -1.28678766597934501e-16
3.766389e+00 -2.89784338441148832e-16 -3.59168090553187206e-16 -3.58609809321515584e-16
3.778308e+00 -4.55535550268119243e-16 -5.56502664907649714e-16 -4.94120134268723284e-16
3.790226e+00 -8.61518325666114138e-19  2.83291567669267342e-17  2.22732132646452898e-16
3.802145e+00  2.25791708830550740e-15  2.85933042767275204e-15  3.17210046916985478e-15
3.814064e+00  7.24799482984588536e-15  9.03992567145437171e-15  9.10766906352572400e-15
3.825983e+00  1.24316066174227534e-14  1.52825262015357751e-14  1.40536857835212903e-14
3.837902e+00  5.82209802987121692e-15  6.47770482346424820e-15  2.33425044013202133e-15
3.849821e+00 -3.83889674669793876e-14 -4.95110226031648791e-14 -5.69959176325906207e-14
3.861740e+00 -1.48174810663565831e-13 -1.86630739545821729e-13 -1.92022159288725535e-13
3.873659e+00 -3.01448205207538885e-13 -3.74409078039697898e-13 -3.59666245946826032e-13
3.885578e+00 -3.17508358689162753e-13 -3.82020682160659930e-13 -3.14712251509096885e-13
3.897497e+00  2.62591651983893379e-13  3.67951719929363204e-13  5.14968666015745917e-13
3.909416e+00  2.12345746252516971e-12  2.72225026664410761e-12  2.90862640796095730e-12
3.921335e+00  5.59558698243171118e-12  7.04930102572567857e-12  7.06015871016009845e-12
3.933254e+00  9.17905286573730359e-12  1.13676494298107334e-11  1.07226101059305430e-11
3.945173e+00  7.29986407698749841e-12  8.54749749938865239e-12  6.59216824394218759e-12
3.957092e+00 -1.12240004282601459e-11 -1.54942708580426881e-11 -1.90655296648334790e-11
3.969011e+00 -6.05021698056775900e-11 -7.81325741198862254e-11 -8.21634140685468517e-11
3.980930e+00 -1.45774771967126285e-10 -1.84757905448578175e-10 -1.85201018980611602e-10
3.992849e+00 -2.39471780897226236e-10 -2.98324401984466897e-10 -2.87558018357964290e-10
4.004768e+00 -2.50061958141248140e-10 -3.00533309701471712e-10 -2.69211257160560502e-10
4.016687e+00 -2.63015928593390897e-12  3.06288765342139376e-11  8.76617241146761560e-11
4.028605e+00  7.36464551979989415e-10  9.85623740620484170e-10  1.06007293950286001e-09
4.040524e+00  2.15990852743612940e-09  2.79201624305586062e-09  2.85453464395105845e-09
4.052443e+00  4.24558392022370999e-09  5.39109378153424356e-09  5.39441878374971147e-09
4.064362e+00  6.57360833096141736e-09  8.20983347544258282e-09  8.11110316524370413e-09
4.076281e+00  8.26808496904912224e-09  1.01025041798430878e-08  9.90343373297551080e-09
4.088200e+00  8.21150926860143504e-09  9.64933134897320068e-09  9.43486528821051719e-09
4.100119e+00  5.57852284222207857e-09  5.86172992477329560e-09  5.80174506790638261e-09
4.112038e+00  5.15435127843740889e-10 -9.45876434627951930e-10 -6.63377112369208940e-10
4.123957e+00 -5.44261309051030964e-09 -8.65711916644679089e-09 -7.95585846327299531e-09
4.135876e+00 -9.67682102401438204e-09 -1.38178553070592605e-08 -1.28599496913740013e-08
4.147795e+00 -9.67328659870703435e-09 -1.32421583466651175e-08 -1.24418304276399378e-08
4.159714e+00 -4.64834984909412921e-09 -6.13421092157992202e-09 -5.97715606475751470e-09
4.171633e+00  3.40145385621977209e-09  4.62335817106210152e-09  3.91397220252043562e-09
4.183552e+00  1.02427257412891534e-08  1.33258549754552630e-08  1.20759575425016216e-08
4.195471e+00  1.17153692157638154e-08  1.45990634620506220e-08  1.36550319756240800e-08
4.207390e+00  6.62769500635933998e-09  7.20264454338546353e-09  7.46352678961154083e-09
4.219309e+00 -1.83982453227093139e-09 -4.28571356181730238e-09 -2.56656200139255369e-09
4.231228e+00 -7.74539513391777778e-09 -1.18416165153380325e-08 -9.47710750600107022e-09
4.243147e+00 -6.47262805522925552e-09 -9.54887244657598169e-09 -8.08917344598369604e-09
4.255066e+00  1.49295282646121845e-09  1.48709147944239306e-09  8.12697927938241133e-10
4.266985e+00  1.03256305114180312e-08  1.31324599593436998e-08  1.05127605520397283e-08
4.278903e+00  1.30507096608549702e-08  1.61086191420149698e-08  1.33266126013483455e-08
4.290822e+00  7.31003536132513437e-09  7.71252041957849850e-09  6.98550681802282255e-09
4.302741e+00 -2.15570954278663480e-09 -5.18693473351828677e-09 -3.00018974762952999e-09
4.314660e+00 -7.06101143894984128e-09 -1.13456139823216205e-08 -7.68607534628290857e-09
4.326579e+00 -2.75753426554226111e-09 -4.94145833498615645e-09 -2.59183657650082633e-09
4.338498e+00  7.21035453968486857e-09  8.61723277675781638e-09  7.86020441058161158e-09
4.350417e+00  1.38595280203182043e-08  1.69602239523761115e-08  1.40150549521421416e-08
4.362336e+00  1.10193866496783319e-08  1.21715734077624261e-08  1.00377589078416039e-08
4.374255e+00  1.53914961850251913e-09 -1.14491146624285577e-09 -1.14055497113299080e-10
4.386174e+00 -4.99842003141566391e-09 -9.65491130087618539e-09 -6.13519461734046098e-09
4.398093e+00 -1.57497157431661199e-09 -4.29907213750792416e-09 -1.55696132880500329e-09
4.410012e+00  8.91216984354353044e-09  1.00905253928141150e-08  9.36738854150009159e-09
4.421931e+00  1.61407715612590675e-08  1.90395943981977159e-08  1.56397849940612244e-08
4.433850e+00  1.28936035553346297e-08  1.32781752866946438e-08  1.09517629932693570e-08
4.445769e+00  2.93131023257921106e-09 -9.79787692005113135e-10  7.02052992265116598e-10
4.457688e+00 -2.59713942847209539e-09 -8.00711385598675366e-09 -3.45871688527383597e-09
4.469607e+00  2.91118000813845951e-09  5.22947171254328146e-10  3.66542723321274189e-09
4.481526e+00  1.39969378962851910e-08  1.58514945114603835e-08  1.47310450810100118e-08
4.493445e+00  1.88454888672417217e-08  2.12526406038169816e-08  1.77706229478911151e-08
4.505364e+00  1.25317300204442942e-08  1.08388399272848045e-08  9.81175099553173790e-09
4.517282e+00  2.93154358780606603e-09 -3.13818060796432386e-09  6.12691095645782281e-10
4.529201e+00  1.95031743382622843e-09 -3.85189353124536325e-09  1.54828139022844820e-09
4.541120e+00  1.16157462605382932e-08  1.04062680733207701e-08  1.21281135791263728e-08
4.553039e+00  2.13782264672347430e-08  2.36205106864858521e-08  2.03026490522245845e-08
4.564958e+00  2.04658523720045242e-08  2.07116918130081611e-08  1.68702061187126049e-08
4.576877e+00  1.09911464165784077e-08  5.90913024085087156e-09  6.90140264951944135e-09
4.588796e+00  5.70524920433613006e-09 -1.82283994694988447e-09  3.79758678415510734e-09
4.600715e+00  1.24482168085927452e-08  8.15231950654850113e-09  1.26321142427661031e-08
4.612634e+00  2.41750678629734038e-08  2.45697460093581815e-08  2.34427618335636346e-08
4.624553e+00  2.74495489868705454e-08  2.78446140156377683e-08  2.35672263969272966e-08
4.636472e+00  1.94216621598764745e-08  1.48114892676464465e-08  1.39770435036494371e-08
4.648391e+00  1.18246672478763997e-08  3.30413793451924194e-09  8.47516843684344061e-09
4.660310e+00  1.62096397409308490e-08  9.65958871822601793e-09  1.59625139873295346e-08
4.672229e+00  2.88592110812745533e-08  2.72986760949381372e-08  2.84459620640604201e-08
4.684148e+00  3.52127292998514984e-08  3.46753699038010355e-08  3.10883447367206476e-08
4.696067e+00  2.87984095817745930e-08  2.34054283331005448e-08  2.18893895417377884e-08
4.707986e+00  2.00766295632694943e-08  9.89533017827789430e-09  1.48628686702200603e-08
4.719905e+00  2.29388610860421062e-08  1.40789587868101485e-08  2.15984984244805717e-08
4.731824e+00  3.61685918399795548e-08  3.25897961484383059e-08  3.54002746537356155e-08
4.743743e+00  4.47693308803724831e-08  4.26568548405207553e-08  3.99039391971801132e-08
4.755662e+00  4.00339536873010436e-08  3.26790018855560004e-08  3.13215829863270918e-08
4.767580e+00  3.15013198444174132e-08  1.84703063109768449e-08  2.39992209373018963e-08
4.779499e+00  3.41151643011218844e-08  2.21341482361296998e-08  3.08971738635147137e-08
4.791418e+00  4.76694225751846153e-08  4.15499356770034649e-08  4.54586299652238363e-08
4.803337e+00  5.69522512964636127e-08  5.27937784762421552e-08  5.04792631360565459e-08
4.815256e+00  5.29048803274591434e-08  4.32193760624761630e-08  4.22771236763987538e-08
4.827175e+00  4.54893892774526757e-08  2.94944157180357711e-08  3.61644604966024996e-08
4.839094e+00  4.98221475062194983e-08  3.45479840707006433e-08  4.48115800401487426e-08
4.851013e+00  6.46977595600270834e-08  5.50950907560519872e-08  5.99423589089564654e-08
4.862932e+00  7.40938101889225732e-08  6.59757957735262689e-08  6.40354476964760016e-08
4.874851e+00  7.00240971593486953e-08  5.59857731830692239e-08  5.57907775910643665e-08
4.886770e+00  6.41827255391072166e-08  4.41561081219200528e-08  5.23336142819611282e-08
4.898689e+00  7.12485667360181810e-08  5.24495487143928731e-08  6.42340762062936194e-08
4.910608e+00  8.76215934171311899e-08  7.38666913038145581e-08  7.96816138608532799e-08
4.922527e+00  9.65898501474346261e-08  8.26113539320766510e-08  8.17343113425432729e-08
4.934446e+00  9.27353695939232284e-08  7.19737641956024572e-08  7.37219856139860082e-08
4.946365e+00  8.98831179329128361e-08  6.42255667615355685e-08  7.46895848628852769e-08
4.958284e+00  1.00687283683892140e-07  7.74601266770919865e-08  9.08478958173554508e-08
4.970203e+00  1.17949630045898613e-07  9.85430729966037663e-08  1.05781556231559145e-07
4.982122e+00  1.25535670441528193e-07  1.03006487433936153e-07  1.05022181585322246e-07
4.994041e+00  1.22633377513959715e-07  9.22795183704681650e-08  9.83522388337948903e-08
5.005959e+00  1.24836452863851652e-07  9.16273733123194908e-08  1.05356853897711237e-07
5.017878e+00  1.40366291033656931e-07  1.11326032490365555e-07  1.25394376890129300e-07
5.029797e+00  1.57628687833806069e-07  1.30466407866602365e-07  1.38142008478978520e-07
5.041716e+00  1.63233434990178606e-07  1.29152620539442796e-07  1.34835286276856829e-07
5.053635e+00  1.62818077503640481e-07  1.19975327486173760e-07  1.32279739563053925e-07
5.065554e+00  1.72346907858353021e-07  1.29181183178356021e-07  1.47107683019676401e-07
5.077473e+00  1.93138206082184190e-07  1.55506273033042491e-07  1.69645440804835952e-07
5.089392e+00  2.09585847921770141e-07  1.71032896017561574e-07  1.78696163321206841e-07
5.101311e+00  2.13589199625472053e-07  1.64415396299039226e-07  1.74960776166712689e-07
5.113230e+00  2.17647474694094917e-07  1.59637200500231453e-07  1.80391899306556651e-07
5.125149e+00  2.35636014505439811e-07  1.79592052931373885e-07  2.03537430758152142e-07
5.137068e+00  2.60954201507477936e-07  2.10058428667211298e-07  2.25539221063081190e-07
5.148987e+00  2.76551657476448727e-07  2.20958755292963945e-07  2.29981650769205233e-07
5.160906e+00  2.81591787241330109e-07  2.13011807154103923e-07  2.29622393119219185e-07
5.172825e+00  2.92970163171030422e-07  2.17023856944842203e-07  2.46467118130119438e-07
5.184744e+00  3.19088138177852463e-07  2.46265631247662138e-07  2.76144399258365225e-07
5.196663e+00  3.46973133028722542e-07  2.76159304977997657e-07  2.94357490647342757e-07
5.208582e+00  3.62832553251592420e-07  2.82961106264553565e-07  2.96322330567052431e-07
5.220501e+00  3.73463534798147730e-07  2.80427007884736156e-07  3.05427090291630672e-07
5.232420e+00  3.95081579102200320e-07  2.97238483310874945e-07  3.35589345607176519e-07
5.244338e+00  4.27980559608345165e-07  3.32021870335927270e-07  3.67821125919153010e-07
5.256257e+00  4.57081103658745032e-07  3.57119459507994359e-07  3.80554949392455943e-07
5.268176e+00  4.76274182085622212e-07  3.63237305035820633e-07  3.85603011496840650e-07
5.280095e+00  4.97251963925619721e-07  3.72876715070756668e-07  4.10021757130632845e-07
5.292014e+00  5.30085234495882654e-07  4.03022512171450928e-07  4.51659065011179358e-07
5.303933e+00  5.68009308197089631e-07  4.38978610848787964e-07  4.81476485346150604e-07
5.315852e+00  5.99778088889320525e-07  4.59995410501071514e-07  4.91028751104066090e-07
5.327771e+00  6.27535463435084534e-07  4.72372777550017617e-07  5.07787440222461769e-07
5.339690e+00  6.61719414300534454e-07  4.97123433919073159e-07  5.50956470624711003e-07
5.351609e+00  7.04049615263657151e-07  5.35975629967958374e-07  5.98731160442296082e-07
5.363528e+00  7.46955567848944991e-07  5.71428735383150370e-07  6.22595268323198726e-07
5.375447e+00  7.87251169891876106e-07  5.96165706473744586e-07  6.35127925250098059e-07
5.387366e+00  8.29476245829528030e-07  6.21705137322142315e-07  6.72110749324615972e-07
5.399285e+00  8.76290753105674771e-07  6.57495002810422945e-07  7.34427718630761586e-07
5.411204e+00  9.25716076764773621e-07  6.99458224586548618e-07  7.83553332236040463e-07
5.423123e+00  9.78058713417205073e-07  7.41338303222653335e-07  8.02053237782600317e-07
5.435042e+00  1.03542519194043154e-06  7.81541567768103097e-07  8.24826416018743493e-07
5.446961e+00  1.09420332312492436e-06  8.18104910055745750e-07  8.87923011613381281e-07
5.458880e+00  1.14968763371904998e-06  8.53616437987152720e-07  9.70347158506133544e-07
5.470799e+00  1.20860474941380008e-06  9.02604243430507971e-07  1.02071230303193936e-06
5.482718e+00  1.28196448037309861e-06  9.70973764100440969e-07  1.03485174307873955e-06
5.494636e+00  1.36306826298199535e-06  1.03217348976185776e-06  1.06936066584301274e-06
5.506555e+00  1.43269130974348209e-06  1.05978375520162713e-06  1.16324201090375098e-06
5.518474e+00  1.49377374190859248e-06  1.08491567575630469e-06  1.27477843340505885e-06
5.530393e+00  1.57557176264869029e-06  1.16734860628151834e-06  1.33077829085416226e-06
5.542312e+00  1.68575570616399264e-06  1.29080457083498184e-06  1.33288365265775980e-06
5.554231e+00  1.78716363194434085e-06  1.35783434741688179e-06  1.37172874496490373e-06
5.566150e+00  1.85498371691065363e-06  1.34167877934636977e-06  1.50787266517192021e-06
5.578069e+00  1.93006273189152544e-06  1.36591754702722527e-06  1.67086789447301852e-06
5.589988e+00  2.06278495216092442e-06  1.53101979872167722e-06  1.73737381850541713e-06
5.601907e+00  2.22009171904052699e-06  1.72315610677871878e-06  1.71165257927965289e-06
5.613826e+00  2.32211270861779545e-06  1.75350736414015479e-06  1.74927293145500395e-06
5.625745e+00  2.37828896283480491e-06  1.67296526504574508e-06  1.94726317584540909e-06
5.637664e+00  2.49621846334187020e-06  1.74290963372947534e-06  2.18048139114360900e-06
5.649583e+00  2.71149791636598288e-06  2.02920717247661671e-06  2.25562863731289870e-06
5.661502e+00  2.90486590520196168e-06  2.25183651251585839e-06  2.19982594402582241e-06
5.673421e+00  2.97944162406518217e-06  2.20333601561957668e-06  2.24854790957455916e-06
5.685340e+00  3.03861176318014274e-06  2.10897499167777085e-06  2.50888220848695931e-06
5.697259e+00  3.24669572676705920e-06  2.29893954069323928e-06  2.78995830333703612e-06
5.709178e+00  3.55566168816762575e-06  2.66689891998755342e-06  2.87837810743958314e-06
5.721097e+00  3.75230205529108710e-06  2.81952419304188223e-06  2.85283511483941741e-06
5.733015e+00  3.79605422277862543e-06  2.72226665661808622e-06  2.95409617978918909e-06
5.744934e+00  3.90901010094540225e-06  2.76693501852740031e-06  3.22195349681873114e-06
5.756853e+00  4.23539901036675991e-06  3.10902488145801671e-06  3.47098190526999958e-06
5.768772e+00  4.60099445312051984e-06  3.39552398426078843e-06  3.60673743033896031e-06
5.780691e+00  4.78038490279959114e-06  3.38623469454426794e-06  3.73866311876918948e-06
5.792610e+00  4.85605908510427960e-06  3.39944765785030756e-06  3.93981133237267669e-06
5.804529e+00  5.08431402128620196e-06  3.75191798905471066e-06  4.12461496324289055e-06
5.816448e+00  5.48820820654678321e-06  4.14884591907921135e-06  4.26171076013366801e-06
5.828367e+00  5.84310141867183844e-06  4.16967385806586434e-06  4.48713963169242156e-06
5.840286e+00  6.05268822918239505e-06  4.06490197592066457e-06  4.85427792512288216e-06
5.852205e+00  6.27521310771293225e-06  4.39390459565437893e-06  5.16959045398361660e-06
5.864124e+00  6.62782533008222792e-06  5.02345960263329270e-06  5.27841989895230063e-06
5.876043e+00  7.01544631312319540e-06  5.26996901757977382e-06  5.35231046142461944e-06
5.887962e+00  7.34780173695856742e-06  5.06625315010867240e-06  5.65394673649735012e-06
5.899881e+00  7.69817225386815994e-06  5.14075216714710823e-06  6.13369725442052033e-06
5.911800e+00  8.12249930354467296e-06  5.80011866218310046e-06  6.51856740870650772e-06
5.923719e+00  8.53080897586454935e-06  6.38629377505726041e-06  6.72866101850061457e-06
5.935638e+00  8.88098390125395076e-06  6.39489979140388495e-06  6.93904228746510383e-06
5.947557e+00  9.29910453636503137e-06  6.33404990443631389e-06  7.26253153527916943e-06
5.959476e+00  9.84865682037116804e-06  6.82045882438742259e-06  7.63620147994461010e-06
5.971395e+00  1.03823386803633579e-05  7.51283388905931845e-06  8.02292345204001705e-06
5.983313e+00  1.08027258982198403e-05  7.75977302452877069e-06  8.47080463731829217e-06
5.995232e+00  1.12611394358833305e-05  7.76698509580556662e-06  8.94358031665757240e-06
6.007151e+00  1.18876719430826959e-05  8.18966513655494663e-06  9.32439472966640727e-06
6.019070e+00  1.25394739779984307e-05  8.93414341591753677e-06  9.63109637506822266e-06
6.030989e+00  1.30675861879902315e-05  9.35363823414092013e-06  1.00244357000866604e-05
6.042908e+00  1.36171157436414543e-05  9.43531561695958330e-06  1.05673082971383615e-05
6.054827e+00  1.43633571966889424e-05  9.79817550906671363e-06  1.11582921465284745e-05
6.066746e+00  1.51566116058835718e-05  1.05625848636366149e-05  1.17157461299127037e-05
6.078665e+00  1.57810372343621967e-05  1.11820596905253215e-05  1.22489647291114757e-05
6.090584e+00  1.63837534485266515e-05  1.14617501316582197e-05  1.27589679417681892e-05
6.102503e+00  1.72437880087817662e-05  1.18430772027639994e-05  1.32539611659289047e-05
6.114422e+00  1.82566056834085513e-05  1.25370623019595665e-05  1.38318501566679072e-05
6.126341e+00  1.90919744336994987e-05  1.32075284580938562e-05  1.45580918408285740e-05
6.138260e+00  1.97768393742286294e-05  1.36933077059391225e-05  1.53183043058436747e-05
6.150179e+00  2.06559337473744728e-05  1.42767137922991747e-05  1.59868545523107862e-05
6.162098e+00  2.17997246409349840e-05  1.50483172892723676e-05  1.66465144637672851e-05
6.174017e+00  2.29148935780975104e-05  1.57212212710298301e-05  1.74231276056464498e-05
6.185936e+00  2.38721834843746881e-05  1.62494165645589902e-05  1.82349984590273493e-05
6.197855e+00  2.48832248787059434e-05  1.69529730245213239e-05  1.89658088770510249e-05
6.209774e+00  2.60818601473181274e-05  1.78849046108556617e-05  1.97368075710254179e-05
6.221692e+00  2.73311367330886607e-05  1.87277865625841104e-05  2.07096581325884976e-05
6.233611e+00  2.85418203117252378e-05  1.94229833133724973e-05  2.17686513008938853e-05
6.245530e+00  2.98290984835229438e-05  2.02531384611991347e-05  2.27130782674432611e-05
6.257449e+00  3.12516367734137182e-05  2.12371244622836903e-05  2.36088831015368485e-05
6.269368e+00  3.26971301749645735e-05  2.21045608912783458e-05  2.46304951917788408e-05
6.281287e+00  3.41150106038049785e-05  2.29053862225647655e-05  2.57316145140634192e-05
6.293206e+00  3.56087992364728160e-05  2.39697979649702037e-05  2.68003999726784899e-05
6.305125e+00  3.72371972638356198e-05  2.52435633322504850e-05  2.79396735056944267e-05
6.317044e+00  3.89373471289657189e-05  2.63367704768166923e-05  2.92577948832575952e-05
6.328963e+00  4.06727036918542371e-05  2.72369564064492103e-05  3.06041373220701922e-05
6.340882e+00  4.24795232982950005e-05  2.83162308006581818e-05  3.18423087797633662e-05
6.352801e+00  4.43727830391053325e-05  2.96491483760119505e-05  3.31299583993364355e-05
6.364720e+00  4.63415282594676386e-05  3.09570964344753227e-05  3.46054094087730693e-05
6.376639e+00  4.83908775471928400e-05  3.21843992604999756e-05  3.61014970610487053e-05
6.388558e+00  5.05012520632834027e-05  3.35333484789427565e-05  3.74997302133792324e-05
6.400477e+00  5.26488103767524458e-05  3.50058389944279491e-05  3.90213369347173274e-05
6.412396e+00  5.49110041302479997e-05  3.64490872903498780e-05  4.08225277290946866e-05
6.424315e+00  5.73825099824651938e-05  3.79219038230943682e-05  4.26695227528985934e-05
6.436234e+00  5.99728332522548682e-05  3.95400399066247010e-05  4.43595696136880722e-05
6.448153e+00  6.25218677693395192e-05  4.11748972924631324e-05  4.60823466176020965e-05
6.460072e+00  6.51041596296135017e-05  4.27344447662701064e-05  4.80356699774660330e-05
6.471990e+00  6.79200731094611936e-05  4.44379292532228200e-05  5.00779182790562984e-05
6.483909e+00  7.09175547152256973e-05  4.64117183843238771e-05  5.20651322966571672e-05
6.495828e+00  7.38838831370272365e-05  4.83927131017282476e-05  5.41346072808092580e-05
6.507747e+00  7.68749459389910601e-05  5.02095232919373902e-05  5.63940388948557835e-05
6.519666e+00  8.01443738551925689e-05  5.21191478470754504e-05  5.87253450317530169e-05
6.531585e+00  8.36811657457033905e-05  5.43129185091440733e-05  6.10865736353828241e-05
6.543504e+00  8.72449496492663627e-05  5.65664765356304141e-05  6.36002409065945329e-05
6.555423e+00  9.08165766999684796e-05  5.87075995178721195e-05  6.62306930544688028e-05
6.567342e+00  9.45847849055017739e-05  6.09422090111667931e-05  6.88059890112016192e-05
6.579261e+00  9.85530142991897516e-05  6.34294362810776494e-05  7.14003620619101169e-05
6.591180e+00  1.02584395394967478e-04  6.60073303538972664e-05  7.42448291871230056e-05
6.603099e+00  1.06741941085155984e-04  6.85589143612120742e-05  7.72892669510664613e-05
6.615018e+00  1.11175698303636058e-04  7.12014843185858988e-05  8.03166567822843962e-05
6.626937e+00  1.15803282307169275e-04  7.39827207308645134e-05  8.33906853003870481e-05
6.638856e+00  1.20484574158756191e-04  7.68097394759671839e-05  8.67143596385592320e-05
6.650775e+00  1.25334185303270398e-04  7.97117396331850577e-05  9.02000339252785447e-05
6.662694e+00  1.30499254094249234e-04  8.27875203820579796e-05  9.36490446297198796e-05
6.674613e+00  1.35849996511220363e-04  8.59665163766781348e-05  9.71578926119978978e-05
6.686532e+00  1.41233284734144839e-04  8.91696629419072752e-05  1.00909425769800159e-04
6.698451e+00  1.46783599303205770e-04  9.25254805129381678e-05  1.04810672505564821e-04
6.710369e+00  1.52669799509066073e-04  9.61138954661463487e-05  1.08730537165279608e-04
6.722288e+00  1.58799177325498085e-04  9.97705431121583843e-05  1.12800442724316860e-04
6.734207e+00  1.65047038761644292e-04  1.03414910879892817e-04  1.17139716246301626e-04
6.746126e+00  1.71511607229273623e-04  1.07221449988168779e-04  1.21615174081610841e-04
6.758045e+00  1.78312229246922657e-04  1.11251785607477193e-04  1.26142625917799212e-04
6.769964e+00  1.85383921941978608e-04  1.15332853191787808e-04  1.30859072461930108e-04
6.781883e+00  1.92637034816543643e-04  1.19451712830560033e-04  1.35800305250364123e-04
6.793802e+00  2.00101422669787219e-04  1.23811400161695024e-04  1.40805648966757507e-04
6.805721e+00  2.07826442289645703e-04  1.28412225015653899e-04  1.45870818596984615e-04
6.817640e+00  2.15824784983809141e-04  1.33058853895748948e-04  1.51188220405311830e-04
6.829559e+00  2.24120805596384132e-04  1.37785033580283814e-04  1.56778978022799570e-04
6.841478e+00  2.32710015656938785e-04  1.42781949663881144e-04  1.62485123152265621e-04
6.853397e+00  2.41548491491127025e-04  1.47982739360849272e-04  1.68314398548467179e-04
6.865316e+00  2.50678873168629416e-04  1.53198856380634788e-04  1.74409099442281629e-04
6.877235e+00  2.60206490918687505e-04  1.58519238481298001e-04  1.80743040364618739e-04
6.889154e+00  2.70100114948659863e-04  1.64125293144534381e-04  1.87197820458127331e-04
6.901073e+00  2.80244583212460173e-04  1.69927201765861127e-04  1.93821942504111215e-04
6.912992e+00  2.90691602660945005e-04  1.75785153990539014e-04  2.00718251224278209e-04
6.924911e+00  3.01578351960225496e-04  1.81817144332254940e-04  2.07831194016926449e-04
6.936830e+00  3.12849322328087695e-04  1.88147054853041054e-04  2.15082185502736176e-04
6.948749e+00  3.24373355129726712e-04  1.94662461424536533e-04  2.22538193197015287e-04
6.960667e+00  3.36234697374117471e-04  2.01286880586850383e-04  2.30278032980213172e-04
6.972586e+00  3.48583818718128415e-04  2.08148134220620607e-04  2.38272182480725285e-04
6.984505e+00  3.61352617419035717e-04  2.15291379213206134e-04  2.46488805757000620e-04
6.996424e+00  3.74430865048785240e-04  2.22582237914780681e-04  2.54950313200267035e-04
7.008343e+00  3.87923930027470813e-04  2.30003461651198145e-04  2.63661994597193174e-04
7.020262e+00  4.01951922204415210e-04  2.37696660586177524e-04  2.72621803501434839e-04
7.032181e+00  4.16434714058575755e-04  2.45670684718713665e-04  2.81857890260006877e-04
7.044100e+00  4.31311251955264680e-04  2.53796904077612233e-04  2.91367219275929666e-04
7.056019e+00  4.46696797669739133e-04  2.62078035867865597e-04  3.01117990087201620e-04
7.067938e+00  4.62644525526220154e-04  2.70634966300733939e-04  3.11144680292622326e-04
7.079857e+00  4.79044814042760747e-04  2.79481200843534393e-04  3.21497946268374329e-04
7.091776e+00  4.95876551434316524e-04  2.88540425480865058e-04  3.32133392538320723e-04
7.103695e+00  5.13266615325419918e-04  2.97812354725348380e-04  3.43014336304819868e-04
7.115614e+00  5.31251429544721677e-04  3.07355401123266588e-04  3.54222649649243266e-04
7.127533e+00  5.49751121030763118e-04  3.17180372740846241e-04  3.65802527643653954e-04
7.139452e+00  5.68766477656811953e-04  3.27259720825416221e-04  3.77663882671964361e-04
7.151371e+00  5.88371620843544402e-04  3.37586468346937258e-04  3.89785474513369809e-04
7.163290e+00  6.08579350500245081e-04  3.48188609694679706e-04  4.02284080463603756e-04
7.175209e+00  6.29381022779029894e-04  3.59102434827056121e-04  4.15177168721874172e-04
7.187128e+00  6.50807966946376584e-04  3.70315141940250373e-04  4.28354818202102085e-04
7.199046e+00  6.72865432171241532e-04  3.81770855927404174e-04  4.41837336372485304e-04
7.210965e+00  6.95549116970916085e-04  3.93484669431740932e-04  4.55752432481515033e-04
7.222884e+00  7.18925952842344338e-04  4.05546758342746302e-04  4.70070819822796025e-04
7.234803e+00  7.43037509552912879e-04  4.17947454491571821e-04  4.84680490493508902e-04
7.246722e+00  7.67812933320626933e-04  4.30576904257009012e-04  4.99640166424840577e-04
7.258641e+00  7.93236908209981511e-04  4.43461124970334240e-04  5.15059465195041887e-04
7.270560e+00  8.19432794480849636e-04  4.56748905858190960e-04  5.30878494100779207e-04
7.282479e+00  8.46441721134176214e-04  4.70424370606355711e-04  5.47026271768634009e-04
7.294398e+00  8.74158705843501365e-04  4.84340284065816213e-04  5.63587922099428331e-04
7.306317e+00  9.02586463637864355e-04  4.98533826802318673e-04  5.80615845389500845e-04
7.318236e+00  9.31867432138769282e-04  5.13159850595943843e-04  5.98030067992084231e-04
7.330155e+00  9.62022372302728779e-04  5.28169358336507701e-04  6.15828263863784026e-04
7.342074e+00  9.92962585531155691e-04  5.43421239013359546e-04  6.34114212113126726e-04
7.353993e+00  1.02473066139659955e-03  5.58991644316479837e-04  6.52880586429604309e-04
7.365912e+00  1.05742647003049693e-03  5.75017425321835301e-04  6.72044194259865252e-04
7.377831e+00  1.09100297641402818e-03  5.91419040701764371e-04  6.91645306255509406e-04
7.389750e+00  1.12541163460929089e-03  6.08093362990754188e-04  7.11754902838156005e-04
7.401669e+00  1.16076704899691139e-03  6.25136328050517401e-04  7.32318891963439230e-04
7.413588e+00  1.19714088784226690e-03  6.42626784058439467e-04  7.53306273383048106e-04
7.425507e+00  1.23444176095357681e-03  6.60478470471731601e-04  7.74808770388734779e-04
7.437426e+00  1.27266063965859747e-03  6.78664007437071405e-04  7.96846349106459378e-04
7.449344e+00  1.31193781953579643e-03  6.97273073145417122e-04  8.19325617379997257e-04
7.461263e+00  1.35229902659966339e-03  7.16296991655009790e-04  8.42262035670680040e-04
7.473182e+00  1.39364315107438777e-03  7.35668606448614936e-04  8.65768830303769040e-04
7.485101e+00  1.43600004954540466e-03  7.55453633763506415e-04  8.89833840819647770e-04
7.497020e+00  1.47949257717875510e-03  7.75711240147248008e-04  9.14374134421516477e-04
7.508939e+00  1.52411450275008768e-03  7.96335101968348273e-04  9.39426953006650416e-04
7.520858e+00  1.56981624074212386e-03  8.17281639452878883e-04  9.65055519410315467e-04
7.532777e+00  1.61666665146854328e-03  8.38695549588422385e-04  9.91215270553526132e-04
7.544696e+00  1.66472107436811722e-03  8.60620493011932043e-04  1.01788428311572502e-03
7.556615e+00  1.71393109285505104e-03  8.82909049920964687e-04  1.04513167998825551e-03
7.568534e+00  1.76431474054885586e-03  9.05536499840807062e-04  1.07296590569069469e-03
7.580453e+00  1.81597548239123183e-03  9.28650486765763812e-04  1.10133172100026393e-03
7.592372e+00  1.86891101092897800e-03  9.52267107916769835e-04  1.13025849941654965e-03
7.604291e+00  1.92306022957651349e-03  9.76262689933452043e-04  1.15979807495605750e-03
7.616210e+00  1.97849556020145406e-03  1.00063893069788322e-03  1.18990303249466339e-03
7.628129e+00  2.03532025690159263e-03  1.02549545934393330e-03  1.22055129314281217e-03
7.640048e+00  2.09349200619997127e-03  1.05082566585847624e-03  1.25182775038941560e-03
7.651967e+00  2.15296089493626983e-03  1.07656792135136679e-03  1.28375030374131959e-03
7.663886e+00  2.21380984017883076e-03  1.10273602297830610e-03  1.31623477138431374e-03
7.675805e+00  2.27610380001618288e-03  1.12936189441155844e-03  1.34929334720128519e-03
7.687723e+00  2.33980694713627939e-03  1.15644083290984082e-03  1.38301558780404201e-03
7.699642e+00  2.40493302099560862e-03  1.18397090293988205e-03  1.41736935452737548e-03
7.711561e+00  2.47156152895028130e-03  1.21193716188326976e-03  1.45227616928086641e-03
7.723480e+00  2.53969700158109902e-03  1.24031682005678570e-03  1.48779289217225506e-03
7.735399e+00  2.60931136149109445e-03  1.26915914788951244e-03  1.52399193757468666e-03
7.747318e+00  2.68046006688032416e-03  1.29851726543011529e-03  1.56081759383360353e-03
7.759237e+00  2.75319559373209208e-03  1.32831295180875324e-03  1.59823316583196395e-03
7.771156e+00  2.82749420250765372e-03  1.35846921976589012e-03  1.63630682573428251e-03
7.783075e+00  2.90337534442762241e-03  1.38908033110549394e-03  1.67505168886439835e-03
7.794994e+00  2.98092101195522336e-03  1.42022505039686160e-03  1.71440571806060946e-03
7.806913e+00  3.06013205808263085e-03  1.45179336716481163e-03  1.75438607041214826e-03
7.818832e+00  3.14095933359997796e-03  1.48371479991644094e-03  1.79504326189053255e-03
7.830751e+00  3.22345800031339016e-03  1.51610452272544051e-03  1.83633138782084561e-03
7.842670e+00  3.30771832493076054e-03  1.54901052802425016e-03  1.87821628727745534e-03
7.854589e+00  3.39372123523204883e-03  1.58231735759885349e-03  1.92077148028660318e-03
7.866508e+00  3.48143533115844893e-03  1.61599806270015865e-03  1.96402404221932220e-03
7.878427e+00  3.57093409660148549e-03  1.65014297558492063e-03  2.00789789233747932e-03
7.890346e+00  3.66227668141189903e-03  1.68473629164273193e-03  2.05238669362939243e-03
7.902265e+00  3.75542076960579422e-03  1.71970500500218809e-03  2.09756140429513162e-03
7.914184e+00  3.85035238638725078e-03  1.75508957616089117e-03  2.14339972227945309e-03
7.926103e+00  3.94714831114402042e-03  1.79091960584673365e-03  2.18983168277845806e-03
7.938021e+00  4.04585487267658441e-03  1.82711796760698202e-03  2.23689517848301616e-03
7.949940e+00  4.14644885044350171e-03  1.86368885449425471e-03  2.28464609723429395e-03
7.961859e+00  4.24893763258033571e-03  1.90072035008646075e-03  2.33302816286504655e-03
7.973778e+00  4.35337666203670232e-03  1.93814667104708787e-03  2.38199077567812553e-03
7.985697e+00  4.45978990501042557e-03  1.97584694097289841e-03  2.43158729426558827e-03
7.997616e+00  4.56816253128069887e-03  2.01391926204277623e-03  2.48185044627382070e-03
8.009535e+00  4.67850373920736511e-03  2.05248893558089779e-03  2.53273050311294276e-03
8.021454e+00  4.79086139751012247e-03  2.09141126417605435e-03  2.58420646730767771e-03
8.033373e+00  4.90527476652334767e-03  2.13052842502512623e-03  2.63630763945340652e-03
8.045292e+00  5.02173813034462787e-03  2.16997137250614196e-03  2.68902487985010373e-03
8.057211e+00  5.14023078709847404e-03  2.20987936918738866e-03  2.74232363932020839e-03
8.069130e+00  5.26077955629527735e-03  2.25012072693042079e-03  2.79620937769690632e-03
8.081049e+00  5.38344703707100032e-03  2.29055616924002652e-03  2.85069666609615155e-03
8.092968e+00  5.50824957134377069e-03  2.33126574632759641e-03  2.90576724146029671e-03
8.104887e+00  5.63515309040379768e-03  2.37233263939032497e-03  2.96139971291997737e-03
8.116806e+00  5.76416048530271636e-03  2.41369064762405250e-03  3.01758802290819257e-03
8.128725e+00  5.89532769614357910e-03  2.45527476511200188e-03  3.07432617830195919e-03
8.140644e+00  6.02869063696921236e-03  2.49708799996743117e-03  3.13161005099395814e-03
8.152563e+00  6.16424155848086658e-03  2.53912288623831363e-03  3.18943493614484578e-03
8.164482e+00  6.30196424629143707e-03  2.58138160154774803e-03  3.24778421383714513e-03
8.176400e+00  6.44185703955142425e-03  2.62388935763438556e-03  3.30664536600777182e-03
8.188319e+00  6.58395477943384422e-03  2.66659564499136708e-03  3.36601244049402823e-03
8.200238e+00  6.72831703713723441e-03  2.70940566907036575e-03  3.42586066695616106e-03
8.212157e+00  6.87494220854020007e-03  2.75233978102945717e-03  3.48616956338197465e-03
8.224076e+00  7.02376100983520026e-03  2.79548701292715645e-03  3.54695349190835849e-03
8.235995e+00  7.17477895001641768e-03  2.83881230571586887e-03  3.60820581183003350e-03
8.247914e+00  7.32809958063288577e-03  2.88218701024832956e-03  3.66987225085558437e-03
8.259833e+00  7.48374238843620403e-03  2.92558278687479962e-03  3.73193816581079670e-03
8.271752e+00  7.64161134802691933e-03  2.96908134046024218e-03  3.79443746764652340e-03
8.283671e+00  7.80169464483180565e-03  3.01270940953670937e-03  3.85734057090367059e-03
8.295590e+00  7.96409386949227353e-03  3.05637494092194685e-03  3.92057708763989075e-03
8.307509e+00  8.12883248958926746e-03  3.09997948755579619e-03  3.98416236278692059e-03
8.319428e+00  8.29583833425944286e-03  3.14353634786288970e-03  4.04813393910933173e-03
8.331347e+00  8.46509826801763142e-03  3.18712488197656204e-03  4.11242415824378173e-03
8.343266e+00  8.63665366879021006e-03  3.23073311407168695e-03  4.17696626220622792e-03
8.355185e+00  8.81050680009196757e-03  3.27423626235959870e-03  4.24180565838473515e-03
8.367104e+00  8.98665763482354649e-03  3.31756681480233854e-03  4.30695551885858924e-03
8.379023e+00  9.16512562572976801e-03  3.36078906989944722e-03  4.37231836604914329e-03
8.390942e+00  9.34587658002983789e-03  3.40394737282406637e-03  4.43785994474958385e-03
8.402861e+00  9.52886674262129127e-03  3.44696435548297059e-03  4.50364357955248314e-03
8.414779e+00  9.71414297636588771e-03  3.48974791143991407e-03  4.56964135435071212e-03
8.426698e+00  9.90175045120738825e-03  3.53228974027414979e-03  4.63574850826717257e-03
8.438617e+00  1.00916279042386984e-02  3.57461832948088691e-03  4.70196831697592289e-03
8.450536e+00  1.02837266912165874e-02  3.61672911013283640e-03  4.76834970054081184e-03
8.462455e+00  1.04780914185617895e-02  3.65856874656970109e-03  4.83482531854533167e-03
8.474374e+00  1.06747346804625474e-02  3.70006199446308841e-03  4.90131653021535964e-03
8.486293e+00  1.08736058718048104e-02  3.74118326368442404e-03  4.96785802818198400e-03
8.498212e+00  1.10747028873400821e-02  3.78197567816060702e-03  5.03446024524760623e-03
8.510131e+00  1.12780366385235049e-02  3.82243833155908753e-03  5.10102773295734689e-03
8.522050e+00  1.14835515574062668e-02  3.86246748692476664e-03  5.16751424221913169e-03
8.533969e+00  1.16912360254177953e-02  3.90198955995197218e-03  5.23396435506562254e-03
8.545888e+00  1.19011559199156403e-02  3.94104714215811214e-03  5.30036085231981591e-03
8.557807e+00  1.21132709894976182e-02  3.97967070383091308e-03  5.36661505852634949e-03
8.569726e+00  1.23274515891382275e-02  4.01778195690936576e-03  5.43269696150022394e-03
8.581645e+00  1.25437202465229960e-02  4.05529328592679848e-03  5.49862300961545102e-03
8.593564e+00  1.27621887781602002e-02  4.09219779104360790e-03  5.56436302589692275e-03
8.605483e+00  1.29827879833261661e-02  4.12851702030471186e-03  5.62986286752830637e-03
8.617402e+00  1.32053697474277566e-02  4.16423116961413872e-03  5.69509486643627293e-03
8.629321e+00  1.34299697187059870e-02  4.19927584998831035e-03  5.76003738562541265e-03
8.641240e+00  1.36566713931802405e-02  4.23358604831051023e-03  5.82466408914232049e-03
8.653159e+00  1.38853827564760571e-02  4.26715318950610014e-03  5.88894962951571135e-03
8.665077e+00  1.41159994499377821e-02  4.30000385571049741e-03  5.95284998296094839e-03
8.676996e+00  1.43485695119257572e-02  4.33209938361157985e-03  6.01632216112357905e-03
8.688915e+00  1.45831164837356194e-02  4.36334427772400862e-03  6.07936285245148662e-03
8.700834e+00  1.48195412119265409e-02  4.39371219015505330e-03  6.14195830821457223e-03
8.712753e+00  1.50577908498020375e-02  4.42323707302884773e-03  6.20403736214127175e-03
8.724672e+00  1.52978882199219964e-02  4.45188464376756240e-03  6.26554768242377352e-03
8.736591e+00  1.55397936694370176e-02  4.47957626464879147e-03  6.32650090863309377e-03
8.748510e+00  1.57834433498809414e-02  4.50629673354490182e-03  6.38688392235316118e-03
8.760429e+00  1.60288406078338240e-02  4.53204352434110388e-03  6.44662778117993749e-03
8.772348e+00  1.62759579236564575e-02  4.55675887051650540e-03  6.50569234622857661e-03
8.784267e+00  1.65246986195611879e-02  4.58041252607178494e-03  6.56407086057127134e-03
8.796186e+00  1.67750376332831200e-02  4.60301771741063268e-03  6.62172192235067208e-03
8.808105e+00  1.70270062676280559e-02  4.62452082988368523e-03  6.67859824593440912e-03
8.820024e+00  1.72805312582968856e-02  4.64484293491983311e-03  6.73469181799068572e-03
8.831943e+00  1.75355009656438347e-02  4.66400578305227118e-03  6.78997514788295606e-03
8.843862e+00  1.77919256414538138e-02  4.68203435817643714e-03  6.84438244233610826e-03
8.855781e+00  1.80498281459029637e-02  4.69883071083320152e-03  6.89788727248511445e-03
8.867700e+00  1.83091005734443632e-02  4.71431768369061626e-03  6.95049278737670372e-03
8.879619e+00  1.85696410819936111e-02  4.72854958040353369e-03  7.00214875310857781e-03
8.891538e+00  1.88314658276855472e-02  4.74154086833400348e-03  7.05279017911392397e-03
8.903456e+00  1.90945644348049295e-02  4.75318670337802028e-03  7.10241374378139858e-03
8.915375e+00  1.93588347401134758e-02  4.76343758166829050e-03  7.15101417610725706e-03
8.927294e+00  1.96242187332155565e-02  4.77233262766429706e-03  7.19852315442963495e-03
8.939213e+00  1.98907089145063214e-02  4.77984544708890194e-03  7.24489022604221915e-03
8.951132e+00  2.01582294291628543e-02  4.78590972512454339e-03  7.29012373785932217e-03
8.963051e+00  2.04266916654372230e-02  4.79053647914304704e-03  7.33420400222599411e-03
8.974970e+00  2.06960928747589798e-02  4.79372373639703597e-03  7.37706505993087572e-03
8.986889e+00  2.09664069050695089e-02  4.79538208910330801e-03  7.41867465939737535e-03
8.998808e+00  2.12375089916491608e-02  4.79548519047820823e-03  7.45902768531411190e-03
9.010727e+00  2.15093227500256258e-02  4.79410523631005475e-03  7.49808330794091062e-03
9.022646e+00  2.17818667933185953e-02  4.79121880272277874e-03  7.53579844898108822e-03
9.034565e+00  2.20550889176627796e-02  4.78670189485044979e-03  7.57216967904463141e-03
9.046484e+00  2.23288542443974003e-02  4.78054333462057859e-03  7.60717414658761137e-03
9.058403e+00  2.26031109348489682e-02  4.77282814674576811e-03  7.64074755250767831e-03
9.070322e+00  2.28778621221508716e-02  4.76353156284315803e-03  7.67286297500124372e-03
9.082241e+00  2.31530183381406345e-02  4.75255044691466101e-03  7.70353513884544649e-03
9.094160e+00  2.34284688918542060e-02  4.73987930342983921e-03  7.73273022051164556e-03
9.106079e+00  2.37041953701815807e-02  4.72556889636270832e-03  7.76037887577956959e-03
9.117998e+00  2.39801561660367667e-02  4.70959641138174196e-03  7.78647064807699244e-03
9.129917e+00  2.42562195538240204e-02  4.69191438298847963e-03  7.81102394539054216e-03
9.141836e+00  2.45323207905515338e-02  4.67252583605274555e-03  7.83399348391022182e-03
9.153754e+00  2.48084753449205435e-02  4.65142785086037226e-03  7.85531658644423626e-03
9.165673e+00  2.50845874024720437e-02  4.62859246408205572e-03  7.87499768017422934e-03
9.177592e+00  2.53604911215034486e-02  4.60403332554062180e-03  7.89304644085623598e-03
9.189511e+00  2.56361634552633860e-02  4.57777496958885251e-03  7.90940828728801081e-03
9.201430e+00  2.59116339667316009e-02  4.54977273593550405e-03  7.92404168846042554e-03
9.213349e+00  2.61867699585805642e-02  4.51998109273125254e-03  7.93696648415592731e-03
9.225268e+00  2.64614056941826770e-02  4.48844840706996793e-03  7.94817278048349368e-03
9.237187e+00  2.67355364152388857e-02  4.45522738729917794e-03  7.95759950632953482e-03
9.249106e+00  2.70091626138807134e-02  4.42026949441351024e-03  7.96523479666282237e-03
9.261025e+00  2.72821391292888960e-02  4.38351916072670256e-03  7.97110528216061175e-03
9.272944e+00  2.75543431533330149e-02  4.34502065053636935e-03  7.97517432873998469e-03
9.284863e+00  2.78257649311485014e-02  4.30483317082108480e-03  7.97738981565784301e-03
9.296782e+00  2.80963433621114825e-02  4.26293720211742833e-03  7.97777745155630116e-03
9.308701e+00  2.83659448540124308e-02  4.21930113229177558e-03  7.97635306673848132e-03
9.320620e+00  2.86345079992971763e-02  4.17394588260058732e-03  7.97304782899157724e-03
9.332539e+00  2.89019953758995855e-02  4.12690067128094074e-03  7.96783443839989454e-03
9.344458e+00  2.91682831824856131e-02  4.07818136664159225e-03  7.96077462876862950e-03
9.356377e+00  2.94332687230830226e-02  4.02781215822090987e-03  7.95186267546842997e-03
9.368296e+00  2.96969356934020413e-02  3.97579606733963233e-03  7.94101274967395215e-03
9.380215e+00  2.99592069221862878e-02  3.92211436597241035e-03  7.92823140451600142e-03
9.392133e+00  3.02199304139019742e-02  3.86680755591764513e-03  7.91358959943011704e-03
9.404052e+00  3.04790405633849938e-02  3.80995635228972363e-03  7.89705206102846169e-03
9.415971e+00  3.07365194396597846e-02  3.75155772239327842e-03  7.87854860311058315e-03
9.427890e+00  3.09922485990350265e-02  3.69156380398459215e-03  7.85812604675286894e-03
9.439809e+00  3.12460963105792022e-02  3.63003333788351843e-03  7.83583738875898161e-03
9.451728e+00  3.14980302883084914e-02  3.56707104396269655e-03  7.81162205664180133e-03
9.463647e+00  3.17479927953870159e-02  3.50266842915671235e-03  7.78544310132472158e-03
9.475566e+00  3.19958375211411641e-02  3.43678822091083528e-03  7.75736391621880891e-03
9.487485e+00  3.22414747755754363e-02  3.36951141343540955e-03  7.72740510489798669e-03
9.499404e+00  3.24848808888801022e-02  3.30092951494607642e-03  7.69551982781343982e-03
9.511323e+00  3.27259553443673828e-02  3.23102717908151831e-03  7.66172196047485224e-03
9.523242e+00  3.29645604739446998e-02  3.15980839072575780e-03  7.62605473832986529e-03
9.535161e+00  3.32006381780790838e-02  3.08737084807330243e-03  7.58849362673650208e-03
9.547080e+00  3.34341323966113740e-02  3.01377089118374944e-03  7.54902816413909918e-03
9.558999e+00  3.36649182779753739e-02  2.93900010557592364e-03  7.50771820597550838e-03
9.570918e+00  3.38929015161315642e-02  2.86311690445050426e-03  7.46457779160958953e-03
9.582837e+00  3.41180320882484081e-02  2.78621776084317591e-03  7.41956489391498546e-03
9.594756e+00  3.43402026765363758e-02  2.70832239221903892e-03  7.37270909084347583e-03
9.606675e+00  3.45592934078145439e-02  2.62944849881389378e-03  7.32407492750240894e-03
9.618594e+00  3.47752548587479879e-02  2.54969749568323542e-03  7.27364498171966488e-03
9.630513e+00  3.49880120152615409e-02  2.46914683559613284e-03  7.22139805100263567e-03
9.642431e+00  3.51974184151864350e-02  2.38780389841501814e-03  7.16739890009136706e-03
9.654350e+00  3.54033904611562728e-02  2.30572962531647640e-03  7.11169242751261404e-03
9.666269e+00  3.56059040384718653e-02  2.22303713605644972e-03  7.05425028698750470e-03
9.678188e+00  3.58048385619310142e-02  2.13976847519075112e-03  6.99508253573349718e-03
9.690107e+00  3.60000324941059727e-02  2.05594649421828209e-03  6.93425133191544023e-03
9.702026e+00  3.61914426553631360e-02  1.97168559423968517e-03  6.87177814407480096e-03
9.713945e+00  3.63790430576591550e-02  1.88709366811483413e-03  6.80766810069040849e-03
9.725864e+00  3.65626799741690170e-02  1.80218116599901350e-03  6.74196323179148196e-03
9.737783e+00  3.67422049095749992e-02  1.71699345633429326e-03  6.67468708744679232e-03
9.749702e+00  3.69175907155151403e-02  1.63167817491795112e-03  6.60584218928162228e-03
9.761621e+00  3.70887853127635156e-02  1.54633505517461577e-03  6.53548243317626527e-03
9.773540e+00  3.72556334170702913e-02  1.46097318434999465e-03  6.46366405863837198e-03
9.785459e+00  3.74180158509697033e-02  1.37566159893096995e-03  6.39037622200646326e-03
9.797378e+00  3.75758869763904782e-02  1.29054890877354001e-03  6.31563483206031874e-03
9.809297e+00  3.77291612113120345e-02  1.20572736109040581e-03  6.23952757867348145e-03
9.821216e+00  3.78777140834441126e-02  1.12123205042649761e-03  6.16208629859750327e-03
9.833135e+00  3.80214559684776687e-02  1.03715024275905562e-03  6.08328189534504404e-03
9.845054e+00  3.81602995572379450e-02  9.53609176067755113e-04  6.00317114647156997e-03
9.856973e+00  3.82941321380764199e-02  8.70701993394395156e-04  5.92185680564188185e-03
9.868892e+00  3.84228679903585307e-02  7.88507453729332133e-04  5.83933999256031674e-03
9.880810e+00  3.85464314155531812e-02  7.07123277005392730e-04  5.75559902558367420e-03
9.892729e+00  3.86646998917821796e-02  6.26641489403224916e-04  5.67071632190651372e-03
9.904648e+00  3.87775592382890721e-02  5.47156397504475547e-04  5.58477346379446064e-03
9.916567e+00  3.88849485857617957e-02  4.68794051083557548e-04  5.49776474239913136e-03
9.928486e+00  3.89867760977548397e-02  3.91667549524492157e-04  5.40971215373121320e-03
9.940405e+00  3.90828991810133544e-02  3.15842218363503104e-04  5.32069897312238520e-03
9.952324e+00  3.91732272248927135e-02  2.41407953842801579e-04  5.23076183115444866e-03
9.964243e+00  3.92577084825122061e-02  1.68517789639191219e-04  5.13991144308832606e-03
9.976162e+00  3.93362206109260232e-02  9.72980918952357133e-05  5.04821551918682634e-03
9.988081e+00  3.94086181116924464e-02  2.78101137776459654e-05  4.95573197645597652e-03
